<root>
  <map aq="DuckGame.Maps.LoadedMap, DuckGame, Version=0.1.4414.36031, Culture=neutral, PublicKeyToken=null" />
  <lookup>
    <Box aq="DuckGame.Box, DuckGame, Version=0.1.4414.35883, Culture=neutral, PublicKeyToken=null" />
    <Pickup aq="DuckGame.Pickups.Pickup, DuckGame, Version=0.1.4414.35883, Culture=neutral, PublicKeyToken=null" />
    <Terrain aq="DuckGame.Terrain, DuckGame, Version=0.1.4414.35883, Culture=neutral, PublicKeyToken=null" />
  </lookup>
  <saved>
    <Box>
      <body mass="400" static="">
        <pos>0 0 0</pos>
        <ori>1 0 0 0 1 0 0 0 1</ori>
        <shape shape="box">
          <size>10 4 10</size>
        </shape>
      </body>
    </Box>
    <Box>
      <body mass="1">
        <pos>5.533489 5.175967 5.533511</pos>
        <ori>0.8535534 0.4999999 -0.1464466 -0.1464466 0.5 0.8535534 0.4999999 -0.7071068 0.5</ori>
        <shape shape="box">
          <size>1 1 1</size>
        </shape>
      </body>
    </Box>
    <Pickup>
      <pos>-3 3 -3</pos>
    </Pickup>
    <Terrain file="heightmap" />
    <Box>
      <body mass="400" static="">
        <pos>0 0 0</pos>
        <ori>1 0 0 0 1 0 0 0 1</ori>
        <shape shape="box">
          <size>10 4 10</size>
        </shape>
      </body>
    </Box>
    <Box>
      <body mass="1">
        <pos>3.377287 2.491522 -2.428022</pos>
        <ori>-0.7649633 -0.0007994733 0.6440738 0.0005541268 0.999998 0.001899407 -0.644074 0.001809875 -0.7649614</ori>
        <shape shape="box">
          <size>1 1 1</size>
        </shape>
      </body>
    </Box>
    <Pickup>
      <pos>-3 3 -3</pos>
    </Pickup>
    <Terrain file="heightmap" />
    <Box>
      <body mass="1">
        <pos>2.573564 2.492104 -1.748543</pos>
        <ori>-0.7555398 -0.0003659042 0.6551027 -0.002123585 0.9999959 -0.00189062 -0.6550993 -0.002819605 -0.7555376</ori>
        <shape shape="box">
          <size>1 1 1</size>
        </shape>
      </body>
    </Box>
    <Box>
      <body mass="1">
        <pos>1.745185 2.491278 -1.04045</pos>
        <ori>-0.7712645 9.176374E-05 0.6365151 -0.001369487 0.9999974 -0.00180357 -0.6365137 -0.002262728 -0.7712624</ori>
        <shape shape="box">
          <size>1 1 1</size>
        </shape>
      </body>
    </Box>
    <Box>
      <body mass="1">
        <pos>0.899162 2.491736 -0.3285973</pos>
        <ori>-0.7643041 -0.0001042626 0.6448559 0.001556128 0.9999968 0.002006057 -0.644854 0.002536716 -0.7643015</ori>
        <shape shape="box">
          <size>1 1 1</size>
        </shape>
      </body>
    </Box>
    <Box>
      <body mass="1">
        <pos>0.09610512 2.490236 0.3461269</pos>
        <ori>-0.7585261 0.0006757769 0.6516424 0.0004042297 0.9999998 -0.000566504 -0.6516427 -0.0001662948 -0.7585263</ori>
        <shape shape="box">
          <size>1 1 1</size>
        </shape>
      </body>
    </Box>
    <Box>
      <body mass="1">
        <pos>-0.7255693 2.491095 1.041917</pos>
        <ori>-0.7561458 -0.002071444 0.6544006 -0.001853187 0.9999977 0.001024083 -0.6544012 -0.0004383708 -0.7561479</ori>
        <shape shape="box">
          <size>1 1 1</size>
        </shape>
      </body>
    </Box>
    <Box>
      <body mass="1">
        <pos>0.9076136 3.485965 -0.329499</pos>
        <ori>-0.7680386 -0.0001664429 0.640404 0.006829971 0.999941 0.008451092 -0.6403677 0.0108647 -0.7679921</ori>
        <shape shape="box">
          <size>1 1 1</size>
        </shape>
      </body>
    </Box>
    <Box>
      <body mass="1">
        <pos>0.09248581 3.480441 0.3316921</pos>
        <ori>-0.7696164 0.000512899 0.6385065 1.54571E-05 0.9999997 -0.0007846479 -0.6385067 -0.0005940084 -0.7696162</ori>
        <shape shape="box">
          <size>1 1 1</size>
        </shape>
      </body>
    </Box>
    <Box>
      <body mass="1">
        <pos>-0.7349914 3.480987 1.043709</pos>
        <ori>-0.7539582 -0.002140244 0.6569192 -0.002100495 0.9999974 0.0008472179 -0.6569193 -0.0007410885 -0.7539608</ori>
        <shape shape="box">
          <size>1 1 1</size>
        </shape>
      </body>
    </Box>
    <Box>
      <body mass="1">
        <pos>1.737484 3.483514 -1.049869</pos>
        <ori>-0.7733586 -0.001090983 0.6339684 -0.002265722 0.9999969 -0.00104301 -0.6339653 -0.002243016 -0.7733586</ori>
        <shape shape="box">
          <size>1 1 1</size>
        </shape>
      </body>
    </Box>
    <Box>
      <body mass="1">
        <pos>2.57259 3.485704 -1.7479</pos>
        <ori>-0.7549732 0.0004752156 0.6557555 0.002624022 0.9999939 0.002296364 -0.6557504 0.00345441 -0.7549699</ori>
        <shape shape="box">
          <size>1 1 1</size>
        </shape>
      </body>
    </Box>
    <Box>
      <body mass="1">
        <pos>3.384511 3.485177 -2.430146</pos>
        <ori>-0.7630057 -0.002018222 0.6463888 -0.0003918665 0.9999964 0.002659729 -0.6463918 0.00177609 -0.7630037</ori>
        <shape shape="box">
          <size>1 1 1</size>
        </shape>
      </body>
    </Box>
    <Box>
      <body mass="1">
        <pos>0.920019 4.479485 -0.3220448</pos>
        <ori>-0.7635502 0.001564136 0.6457468 0.005814203 0.9999732 0.004452738 -0.6457224 0.007154391 -0.7635388</ori>
        <shape shape="box">
          <size>1 1 1</size>
        </shape>
      </body>
    </Box>
    <Box>
      <body mass="1">
        <pos>0.09710008 4.470668 0.3398542</pos>
        <ori>-0.7642092 0.0004432967 0.6449685 0.0003226781 0.9999999 -0.0003049811 -0.6449686 -2.495214E-05 -0.7642092</ori>
        <shape shape="box">
          <size>1 1 1</size>
        </shape>
      </body>
    </Box>
    <Box>
      <body mass="1">
        <pos>-0.7302027 4.471316 1.044651</pos>
        <ori>-0.7549955 -0.002822878 0.6557239 -0.002621711 0.9999957 0.001286343 -0.6557247 -0.0007479354 -0.7549997</ori>
        <shape shape="box">
          <size>1 1 1</size>
        </shape>
      </body>
    </Box>
    <Box>
      <body mass="1">
        <pos>1.735154 4.477248 -1.041106</pos>
        <ori>-0.7797168 0.004972192 0.6261131 0.003364754 0.9999873 -0.00375104 -0.6261238 -0.0008180316 -0.7797236</ori>
        <shape shape="box">
          <size>1 1 1</size>
        </shape>
      </body>
    </Box>
    <Box>
      <body mass="1">
        <pos>2.577574 4.475959 -1.748325</pos>
        <ori>-0.7532426 0.0007534216 0.6577424 0.002816738 0.9999939 0.002080252 -0.6577368 0.003419623 -0.7532401</ori>
        <shape shape="box">
          <size>1 1 1</size>
        </shape>
      </body>
    </Box>
    <Box>
      <body mass="1">
        <pos>3.38439 4.479728 -2.424073</pos>
        <ori>-0.762217 0.004785324 0.6473042 0.005929016 0.9999824 -0.0004110037 -0.6472948 0.003524602 -0.7622319</ori>
        <shape shape="box">
          <size>1 1 1</size>
        </shape>
      </body>
    </Box>
    <Box>
      <body mass="1">
        <pos>0.9228435 5.47366 -0.3083192</pos>
        <ori>-0.7507907 -0.007032727 0.6605027 -0.0006296413 0.9999505 0.009931298 -0.6605399 0.007040447 -0.750758</ori>
        <shape shape="box">
          <size>1 1 1</size>
        </shape>
      </body>
    </Box>
    <Box>
      <body mass="1">
        <pos>0.08749922 5.468112 0.3553193</pos>
        <ori>-0.7419622 -0.0002490818 0.6704416 -0.009583315 0.9999017 -0.01023415 -0.6703731 -0.01401841 -0.7418917</ori>
        <shape shape="box">
          <size>1 1 1</size>
        </shape>
      </body>
    </Box>
    <Box>
      <body mass="1">
        <pos>-0.722303 5.461726 1.053171</pos>
        <ori>-0.7587671 -0.002748594 0.6513568 -0.002959545 0.9999954 0.0007721994 -0.6513558 -0.0013418 -0.7587717</ori>
        <shape shape="box">
          <size>1 1 1</size>
        </shape>
      </body>
    </Box>
    <Box>
      <body mass="1">
        <pos>1.74227 5.473343 -1.028346</pos>
        <ori>-0.7748477 0.001962042 0.6321453 0.002186735 0.9999975 -0.000423401 -0.6321446 0.001054263 -0.7748501</ori>
        <shape shape="box">
          <size>1 1 1</size>
        </shape>
      </body>
    </Box>
    <Box>
      <body mass="1">
        <pos>2.577266 5.467003 -1.723447</pos>
        <ori>-0.7644426 0.002782996 0.6446861 0.004297329 0.9999905 0.0007788144 -0.6446778 0.003365787 -0.7644473</ori>
        <shape shape="box">
          <size>1 1 1</size>
        </shape>
      </body>
    </Box>
    <Box>
      <body mass="1">
        <pos>3.395225 5.474085 -2.416223</pos>
        <ori>-0.7589924 0.01277702 0.6509745 0.01167689 0.9999138 -0.006011371 -0.6509951 0.003038775 -0.7590761</ori>
        <shape shape="box">
          <size>1 1 1</size>
        </shape>
      </body>
    </Box>
  </saved>
</root>